0.2368972746331237
0.3018867924528302
0.2914046121593291
0.2557651991614256
0.41509433962264153
0.3333333333333333
0.24318658280922434
0.4129979035639413
0.19077568134171907
0.5220125786163522
0.6205450733752621
0.2914046121593291
0.5178197064989518
0.20964360587002095
0.4109014675052411
0.5471698113207547
0.36268343815513626
0.5786163522012578
0.5324947589098532
0.3018867924528302
0.37735849056603776
0.33752620545073375
0.40670859538784065
0.28721174004192873
0.5345911949685535
0.29769392033542974
0.3522012578616352
0.13417190775681342
0.28721174004192873
0.2914046121593291
0.2557651991614256
0.33752620545073375
0.41509433962264153
0.4423480083857443
0.40670859538784065
0.37945492662473795
0.3836477987421384
0.39622641509433965
0.5534591194968553
0.37945492662473795
0.30398322851153037
0.5324947589098532
0.2809224318658281
0.48008385744234805
0.5849056603773585
0.7085953878406709
0.058700209643605866
0.29769392033542974
0.2746331236897275
0.3165618448637317
0.41509433962264153
0.22012578616352202
0.4171907756813417
0.3941299790356394
0.25157232704402516
0.5828092243186583
0.5366876310272537
0.24318658280922434
0.3333333333333333
0.3836477987421384
0.4171907756813417
0.519916142557652
0.21593291404612158
0.2914046121593291
0.429769392033543
0.26834381551362685
0.1719077568134172
0.4737945492662474
0.3438155136268344
0.2138364779874214
0.6876310272536688
0.25366876310272535
0.40461215932914046
0.34591194968553457
0.4716981132075472
0.5660377358490566
0.3018867924528302
0.39622641509433965
0.4109014675052411
0.45492662473794554
0.1719077568134172
0.48008385744234805
0.259958071278826
0.29979035639413
0.15932914046121593
0.5178197064989518
0.4129979035639413
0.29350104821802936
0.13626834381551362
0.13626834381551362
0.6645702306079665
0.2914046121593291
0.38155136268343814
0.2389937106918239
0.29350104821802936
0.3438155136268344
0.350104821802935
0.1719077568134172
0.4926624737945493
0.4423480083857443
0.29350104821802936
0.3018867924528302
0.9308176100628931
0.33542976939203356
0.3731656184486373
0.1719077568134172
0.16561844863731656
0.19287211740041926
0.5932914046121593
0.2620545073375262
0.4109014675052411
0.5220125786163522
0.49056603773584906
0.38784067085953877
0.27253668763102723
0.3857442348008386
0.3333333333333333
0.43605870020964366
0.4968553459119497
0.35639412997903563
0.3857442348008386
0.44654088050314467
0.3228511530398323
0.1949685534591195
0.10062893081761005
0.3857442348008386
0.10482180293501049
0.31027253668763105
0.2746331236897275
0.5513626834381552
0.2914046121593291
0.27672955974842767
0.639412997903564
0.35639412997903563
0.3417190775681342
0.2914046121593291
0.5786163522012578
0.49056603773584906
0.35429769392033544
0.3752620545073375
0.29979035639413
0.3689727463312369
0.45492662473794554
0.21593291404612158
0.29979035639413
0.5115303983228512
0.35429769392033544
0.38155136268343814
0.3480083857442348
0.19077568134171907
0.38155136268343814
0.2893081761006289
0.3941299790356394
0.6226415094339622
0.6436058700209644
0.5303983228511531
0.2557651991614256
0.3836477987421384
0.6540880503144654
0.33752620545073375
0.5324947589098532
0.3836477987421384
0.5429769392033543
0.19287211740041926
0.11111111111111112
0.4381551362683438
0.1949685534591195
0.5660377358490566
0.3018867924528302
0.23480083857442346
0.15094339622641512
0.5702306079664571
0.259958071278826
0.5220125786163522
0.3480083857442348
0.8784067085953878
0.1719077568134172
0.6121593291404612
0.5513626834381552
0.19077568134171907
0.4381551362683438
0.4570230607966457
0.5555555555555556
0.18238993710691825
0.549266247379455
0.31865828092243187
0.4926624737945493
0.5241090146750524
0.23060796645702303
0.2893081761006289
0.3270440251572327
0.49895178197064993
0.6939203354297694
0.2893081761006289
0.7945492662473794
0.13836477987421386
0.12159329140461216
0.1551362683438155
0.45492662473794554
0.20335429769392033
0.34591194968553457
0.1719077568134172
0.16142557651991613
0.2746331236897275
0.3857442348008386
0.40670859538784065
0.3081761006289308
0.35639412997903563
0.20754716981132076
0.1090146750524109
0.2389937106918239
0.19077568134171907
0.3941299790356394
0.2893081761006289
0.3018867924528302
0.3228511530398323
0.27672955974842767
0.2662473794549266
0.6226415094339622
0.6436058700209644
0.5303983228511531
0.13417190775681342
0.2557651991614256
0.2243186582809224
0.14046121593291405
0.6540880503144654
0.3836477987421384
0.18238993710691825
0.3060796645702306
0.3836477987421384
0.29769392033542974
0.28721174004192873
0.41509433962264153
0.5429769392033543
0.30398322851153037
0.35429769392033544
0.19287211740041926
0.33962264150943394
0.25366876310272535
0.0
0.2851153039832285
0.4381551362683438
0.6184486373165619
0.35429769392033544
0.1551362683438155
0.11111111111111112
0.1446540880503145
0.3249475890985325
0.3312368972746331
0.5660377358490566
0.36268343815513626
0.1949685534591195
0.3018867924528302
0.28721174004192873
0.5345911949685535
0.5849056603773585
0.23480083857442346
0.38784067085953877
0.5702306079664571
0.15094339622641512
0.5220125786163522
0.259958071278826
0.20125786163522014
0.3920335429769392
0.33752620545073375
0.8784067085953878
0.3584905660377358
0.3480083857442348
0.259958071278826
0.6121593291404612
0.1719077568134172
0.5513626834381552
0.31236897274633124
0.17819706498951782
0.19077568134171907
0.4381551362683438
0.4716981132075472
0.3522012578616352
0.33752620545073375
0.3584905660377358
0.5555555555555556
0.5303983228511531
0.6436058700209644
0.4570230607966457
0.18238993710691825
0.1551362683438155
0.25157232704402516
0.5178197064989518
0.36477987421383645
0.18867924528301888
0.549266247379455
0.4591194968553459
0.2746331236897275
0.4926624737945493
0.2578616352201258
0.32075471698113206
0.4423480083857443
0.6163522012578616
0.18658280922431864
0.41509433962264153
0.4423480083857443
0.39622641509433965
0.31865828092243187
0.23060796645702303
0.23060796645702303
0.2557651991614256
0.32075471698113206
0.5241090146750524
0.27882599580712786
0.2893081761006289
0.49895178197064993
0.6247379454926625
0.11949685534591194
0.3270440251572327
0.3920335429769392
0.5618448637316562
0.20964360587002095
0.4570230607966457
0.4129979035639413
0.14046121593291405
0.2893081761006289
0.23270440251572327
0.3584905660377358
0.3836477987421384
0.40670859538784065
0.6939203354297694
0.19077568134171907
0.7945492662473794
0.3689727463312369
0.1991614255765199
0.1970649895178197
0.3312368972746331
0.13836477987421386
0.5828092243186583
0.12159329140461216
0.29979035639413
0.1551362683438155
0.20545073375262052
0.4025157232704403
0.5828092243186583
0.45492662473794554
0.4737945492662474
0.20754716981132076
0.20335429769392033
0.34591194968553457
0.5324947589098532
0.5094339622641509
0.350104821802935
0.16142557651991613
0.519916142557652
0.3920335429769392
1.0000000000000002
0.2410901467505241
0.2746331236897275
0.1719077568134172
0.3522012578616352
0.1257861635220126
0.4486373165618449
0.5220125786163522
0.259958071278826
0.16561844863731656
0.4276729559748428
0.23060796645702303
0.19287211740041926
0.22851153039832284
0.27044025157232704
0.31236897274633124
0.24318658280922434
0.5849056603773585
0.4779874213836478
0.6373165618448637
0.18658280922431864
0.689727463312369
0.20754716981132076
0.40670859538784065
0.3018867924528302
0.15094339622641512
0.14884696016771487
0.1970649895178197
0.35429769392033544
0.2914046121593291
0.44654088050314467
0.2138364779874214
0.23060796645702303
0.5157232704402516
0.3857442348008386
0.44025157232704404
0.2746331236897275
0.3689727463312369
0.3857442348008386
0.6142557651991615
0.2222222222222222
0.39832285115303984
0.2746331236897275
0.48008385744234805
0.4192872117400419
0.27253668763102723
0.11530398322851153
0.5220125786163522
0.2138364779874214
0.3312368972746331
0.15094339622641512
0.050314465408805034
0.750524109014675
0.23480083857442346
0.37735849056603776
0.24528301886792453
0.1970649895178197
0.20964360587002095
0.6121593291404612
0.2389937106918239
0.5178197064989518
0.5073375262054507
0.24737945492662472
0.27253668763102723
0.25157232704402516
0.5366876310272537
0.3584905660377358
0.32075471698113206
0.2557651991614256
0.5241090146750524
0.42348008385744235
0.909853249475891
0.44025157232704404
0.27882599580712786
0.2893081761006289
0.5765199161425577
0.4675052410901468
0.29350104821802936
0.2557651991614256
0.4716981132075472
0.31865828092243187
0.49895178197064993
0.6247379454926625
0.3270440251572327
0.11949685534591194
0.5618448637316562
0.20964360587002095
0.3920335429769392
0.6771488469601677
0.3836477987421384
0.5828092243186583
0.4109014675052411
0.4570230607966457
0.5366876310272537
0.4109014675052411
0.36058700209643607
0.2410901467505241
0.27253668763102723
0.4129979035639413
0.519916142557652
0.5450733752620546
0.29979035639413
0.35639412997903563
0.5513626834381552
0.39832285115303984
0.14046121593291405
0.32914046121593293
0.4528301886792453
0.2893081761006289
0.23270440251572327
0.2410901467505241
0.3584905660377358
0.6939203354297694
0.3941299790356394
0.7085953878406709
0.6268343815513627
0.19077568134171907
0.7945492662473794
0.18448637316561844
0.3689727463312369
0.1970649895178197
0.1991614255765199
0.21174004192872115
0.3312368972746331
0.25157232704402516
0.29979035639413
0.5220125786163522
0.29559748427672955
0.42348008385744235
0.5828092243186583
0.29979035639413
0.13836477987421386
0.27044025157232704
0.12159329140461216
0.1551362683438155
0.660377358490566
0.2222222222222222
0.6561844863731656
0.41509433962264153
0.3333333333333333
0.22641509433962265
0.20545073375262052
0.4025157232704403
0.3438155136268344
0.5828092243186583
0.45492662473794554
0.3333333333333333
0.4737945492662474
0.7484276729559749
0.3731656184486373
0.20754716981132076
0.29350104821802936
0.1446540880503145
0.4088050314465409
0.31446540880503143
0.5765199161425577
0.4528301886792453
0.13207547169811323
0.20335429769392033
0.6142557651991615
0.5094339622641509
0.34591194968553457
0.4171907756813417
0.49475890985324944
0.350104821802935
0.16142557651991613
0.3920335429769392
0.3920335429769392
0.519916142557652
1.0000000000000002
0.4591194968553459
0.38155136268343814
0.2410901467505241
0.2746331236897275
0.1719077568134172
0.3522012578616352
0.1257861635220126
0.16142557651991613
0.4486373165618449
0.09224318658280924
0.15932914046121593
0.5220125786163522
0.259958071278826
0.16561844863731656
0.4276729559748428
0.23060796645702303
0.22851153039832284
0.19287211740041926
0.27044025157232704
0.26834381551362685
0.639412997903564
0.31236897274633124
0.5157232704402516
0.4025157232704403
0.2222222222222222
0.36477987421383645
0.24318658280922434
0.3270440251572327
0.46960167714884693
0.2368972746331237
0.4779874213836478
0.13207547169811323
0.20754716981132076
0.18658280922431864
0.6373165618448637
0.20754716981132076
0.32914046121593293
0.3018867924528302
0.3417190775681342
0.40670859538784065
0.31865828092243187
0.15094339622641512
0.41509433962264153
0.4171907756813417
0.24528301886792453
0.14884696016771487
0.35429769392033544
0.4423480083857443
0.4444444444444444
0.1970649895178197
0.44654088050314467
0.2914046121593291
0.18867924528301888
0.689727463312369
0.43186582809224316
0.2138364779874214
0.3857442348008386
0.5157232704402516
0.2746331236897275
0.180293501048218
0.3857442348008386
0.44025157232704404
0.20125786163522014
0.3689727463312369
0.3836477987421384
0.37735849056603776
0.2830188679245283
0.6142557651991615
0.2222222222222222
0.39832285115303984
0.4192872117400419
0.3018867924528302
0.27253668763102723
0.11530398322851153
0.5220125786163522
0.6561844863731656
0.35429769392033544
0.3312368972746331
0.8637316561844864
0.4339622641509434
0.33542976939203356
0.15094339622641512
0.050314465408805034
0.660377358490566
0.37735849056603776
0.23480083857442346
0.24528301886792453
0.1970649895178197
0.20964360587002095
0.2914046121593291
0.5534591194968553
0.6121593291404612
0.2746331236897275
0.2389937106918239
0.5178197064989518
0.5073375262054507
0.2830188679245283
0.4423480083857443
0.24737945492662472
0.29350104821802936
0.27253668763102723
0.6373165618448637
0.3857442348008386
0.12159329140461216
0.3857442348008386
0.22641509433962265
0.27253668763102723
0.2557651991614256
0.350104821802935
0.33962264150943394
0.15723270440251574
0.3668763102725367
0.21593291404612158
0.1970649895178197
0.32075471698113206
0.21174004192872115
0.3312368972746331
0.4129979035639413
0.25157232704402516
0.33752620545073375
0.29979035639413
0.29559748427672955
0.42348008385744235
0.5828092243186583
0.13836477987421386
0.29979035639413
0.27044025157232704
0.12159329140461216
0.660377358490566
0.1551362683438155
0.2222222222222222
0.3333333333333333
0.22641509433962265
0.3836477987421384
0.40461215932914046
0.33962264150943394
0.4025157232704403
0.5828092243186583
0.3333333333333333
0.3438155136268344
0.4737945492662474
0.45492662473794554
0.7484276729559749
0.20754716981132076
0.1446540880503145
0.3731656184486373
0.22641509433962265
0.4423480083857443
0.29350104821802936
0.4088050314465409
0.3668763102725367
0.31446540880503143
0.5765199161425577
0.38155136268343814
0.48008385744234805
0.4528301886792453
0.29769392033542974
0.20335429769392033
0.13207547169811323
0.6142557651991615
0.5220125786163522
0.3081761006289308
0.34591194968553457
0.5094339622641509
0.350104821802935
0.16142557651991613
0.3920335429769392
0.3920335429769392
0.519916142557652
1.0000000000000002
0.4591194968553459
0.38155136268343814
0.1719077568134172
0.2410901467505241
0.2746331236897275
0.4737945492662474
0.3522012578616352
0.32075471698113206
0.1257861635220126
0.4486373165618449
0.09224318658280924
0.16142557651991613
0.15932914046121593
0.5220125786163522
0.259958071278826
0.16561844863731656
0.4276729559748428
0.23060796645702303
0.19287211740041926
0.27044025157232704
0.22851153039832284
0.31236897274633124
0.40041928721174
0.2222222222222222
0.3018867924528302
0.4025157232704403
0.2893081761006289
0.36477987421383645
0.24318658280922434
0.46960167714884693
